[gd_scene load_steps=13 format=3 uid="uid://cmkgf8w0apwxs"]

[ext_resource type="PackedScene" uid="uid://37kt12rcqe05" path="res://player.tscn" id="1_dxclk"]
[ext_resource type="Texture2D" uid="uid://cmeqf0cwpukcg" path="res://Textures/skyBeach.png" id="1_head8"]
[ext_resource type="Script" path="res://Scenes/world.gd" id="1_ljm7v"]
[ext_resource type="PackedScene" uid="uid://dwuu5gldsb48m" path="res://Models/Sand/sand_box.tscn" id="3_23t8m"]
[ext_resource type="PackedScene" uid="uid://dr12eq18kon58" path="res://Models/PalmTree/palm_tree.tscn" id="4_fear4"]
[ext_resource type="PackedScene" uid="uid://cwb80ea08aluy" path="res://Models/Spikes/spikes.tscn" id="5_a35cj"]
[ext_resource type="PackedScene" uid="uid://raifbmsaoyuy" path="res://Models/Sand/sand_cylinder.tscn" id="6_gaj04"]
[ext_resource type="PackedScene" uid="uid://fefoc1kdc4x2" path="res://Models/Flag/flag.tscn" id="7_u572u"]

[sub_resource type="PanoramaSkyMaterial" id="PanoramaSkyMaterial_udjbc"]
panorama = ExtResource("1_head8")

[sub_resource type="Sky" id="Sky_wx4fd"]
sky_material = SubResource("PanoramaSkyMaterial_udjbc")

[sub_resource type="Environment" id="Environment_xhjhc"]
background_mode = 2
sky = SubResource("Sky_wx4fd")

[sub_resource type="BoxShape3D" id="BoxShape3D_ifb8d"]
size = Vector3(1000, 124.078, 1000)

[node name="World" type="Node3D"]
script = ExtResource("1_ljm7v")

[node name="Environment" type="Node3D" parent="."]

[node name="WorldEnvironment" type="WorldEnvironment" parent="Environment"]
environment = SubResource("Environment_xhjhc")

[node name="DirectionalLight3D" type="DirectionalLight3D" parent="Environment"]
transform = Transform3D(1, 0, 0, 0, -4.37114e-08, 1, 0, -1, -4.37114e-08, 0, 0, 0)
light_energy = 2.0
shadow_enabled = true

[node name="Terrain" type="Node3D" parent="."]

[node name="Island1" type="Node3D" parent="Terrain"]

[node name="SandBox" parent="Terrain/Island1" instance=ExtResource("3_23t8m")]
transform = Transform3D(1, 0, 0, 0, 1, 0, 0, 0, 1, 0, -1.00768, 0)

[node name="PalmTree" parent="Terrain/Island1" instance=ExtResource("4_fear4")]
transform = Transform3D(0.04, 0, 0, 0, 0.04, 0, 0, 0, 0.04, -3.75748, 0, 3.80901)

[node name="Island2" type="Node3D" parent="Terrain"]

[node name="SandBox" parent="Terrain/Island2" instance=ExtResource("3_23t8m")]
transform = Transform3D(1, 0, 0, 0, 1, 0, 0, 0, 1, 0, -1.00768, -16.9135)
size = Vector3(6.43158, 2, 13)

[node name="Island3" type="Node3D" parent="Terrain"]

[node name="SandBox" parent="Terrain/Island3" instance=ExtResource("3_23t8m")]
transform = Transform3D(1, 0, 0, 0, 1, 0, 0, 0, 1, 0.050333, -1.00768, -33.5468)
size = Vector3(8.56948, 2, 13)

[node name="Spikes" parent="Terrain/Island3" instance=ExtResource("5_a35cj")]
transform = Transform3D(1, 0, 0, 0, 1, 0, 0, 0, 1, 0.0455205, 0, -34.0151)

[node name="Spikes2" parent="Terrain/Island3" instance=ExtResource("5_a35cj")]
transform = Transform3D(1, 0, 0, 0, 1, 0, 0, 0, 1, 1.77125, 0, -34.0151)

[node name="Spikes3" parent="Terrain/Island3" instance=ExtResource("5_a35cj")]
transform = Transform3D(1, 0, 0, 0, 1, 0, 0, 0, 1, -1.68861, 0, -34.0151)

[node name="Spikes4" parent="Terrain/Island3" instance=ExtResource("5_a35cj")]
transform = Transform3D(1, 0, 0, 0, 1, 0, 0, 0, 1, -3.40581, 0, -34.0151)

[node name="Spikes5" parent="Terrain/Island3" instance=ExtResource("5_a35cj")]
transform = Transform3D(1, 0, 0, 0, 1, 0, 0, 0, 1, 3.49308, 0, -34.0151)

[node name="Island4" type="Node3D" parent="Terrain"]

[node name="SandBox" parent="Terrain/Island4" instance=ExtResource("3_23t8m")]
transform = Transform3D(1, 0, 0, 0, 1, 0, 0, 0, 1, 0, -1.17271, -60.2717)

[node name="Island5" type="Node3D" parent="Terrain"]

[node name="SandBox" parent="Terrain/Island5" instance=ExtResource("3_23t8m")]
transform = Transform3D(1, 0, 0, 0, 1, 0, 0, 0, 1, -9.16667, -1.17271, -72.121)
size = Vector3(2.96352, 2, 2.96878)

[node name="Island6" type="Node3D" parent="Terrain"]

[node name="SandBox" parent="Terrain/Island6" instance=ExtResource("3_23t8m")]
transform = Transform3D(1, 0, 0, 0, 1, 0, 0, 0, 1, -10.3877, -1.17271, -86.2396)
size = Vector3(2.03565, 2, 14.7656)

[node name="Island7" type="Node3D" parent="Terrain"]

[node name="SandBox" parent="Terrain/Island7" instance=ExtResource("3_23t8m")]
transform = Transform3D(0.836783, 0, -0.547534, 0, 1, 0, 0.547534, 0, 0.836783, -3.30809, -1.17271, -106.249)
size = Vector3(3.19762, 2, 13)

[node name="Island8" type="Node3D" parent="Terrain"]

[node name="SandBox" parent="Terrain/Island8" instance=ExtResource("3_23t8m")]
transform = Transform3D(1, 0, 0, 0, 1, 0, 0, 0, 1, 5.7031, -1.17271, -119.85)
size = Vector3(3.05236, 2, 5.0103)

[node name="Island9" type="Node3D" parent="Terrain"]

[node name="SandBox" parent="Terrain/Island9" instance=ExtResource("3_23t8m")]
transform = Transform3D(1, 0, 0, 0, 1, 0, 0, 0, 1, 5.79772, -1.17271, -136.608)
size = Vector3(11.8298, 22.7355, 16.7891)

[node name="PalmTree" parent="Terrain/Island9" instance=ExtResource("4_fear4")]
transform = Transform3D(-0.00935207, 0, -0.0388914, 0, 0.04, 0, 0.0388914, 0, -0.00935207, 10.6371, 10.1686, -135.882)

[node name="PalmTree2" parent="Terrain/Island9" instance=ExtResource("4_fear4")]
transform = Transform3D(-0.0648342, 0, -0.00463942, 0, 0.065, 0, 0.00463942, 0, -0.0648342, 1.63708, 10.1686, -135.882)

[node name="Island10" type="Node3D" parent="Terrain"]

[node name="SandBox" parent="Terrain/Island10" instance=ExtResource("3_23t8m")]
transform = Transform3D(1, 0, 0, 0, 1, 0, 0, 0, 1, 6.27251, -1.17271, -161.269)
size = Vector3(10.3173, 2, 9.5306)

[node name="Island11" type="Node3D" parent="Terrain"]
transform = Transform3D(1, 0, 0, 0, 1, 0, 0, 0, 1, 0, 0, 4.13504)

[node name="SandCylinder" parent="Terrain/Island11" instance=ExtResource("6_gaj04")]
transform = Transform3D(1, 0, 0, 0, 1, 0, 0, 0, 1, 7.43056, 0, -179.616)
radius = 4.08217
height = 29.9517

[node name="Spikes" parent="Terrain/Island11" instance=ExtResource("5_a35cj")]
transform = Transform3D(-4.20153e-08, 0.961199, 0.275855, -1, -4.37114e-08, 0, 1.2058e-08, -0.275855, 0.961199, 11.2263, 14.0749, -180.589)

[node name="Spikes2" parent="Terrain/Island11" instance=ExtResource("5_a35cj")]
transform = Transform3D(-4.25177e-08, 0.972691, -0.232104, -1, -4.37114e-08, 0, -1.01456e-08, 0.232104, 0.972691, 11.2568, 14.0749, -178.634)

[node name="Spikes3" parent="Terrain/Island11" instance=ExtResource("5_a35cj")]
transform = Transform3D(-3.08606e-08, 0.706008, -0.708204, -1, -4.37114e-08, 0, -3.09566e-08, 0.708204, 0.706008, 10.2433, 14.0749, -176.869)

[node name="Spikes4" parent="Terrain/Island11" instance=ExtResource("5_a35cj")]
transform = Transform3D(-1.14224e-08, 0.261313, -0.965254, -1, -4.37114e-08, -1.60875e-15, -4.21926e-08, 0.965254, 0.261313, 8.46449, 14.0749, -175.766)

[node name="Spikes5" parent="Terrain/Island11" instance=ExtResource("5_a35cj")]
transform = Transform3D(1.10611e-08, -0.253049, -0.967453, -1, -4.37114e-08, -2.30881e-15, -4.22887e-08, 0.967453, -0.253049, 6.5006, 14.0749, -175.787)

[node name="Spikes6" parent="Terrain/Island11" instance=ExtResource("5_a35cj")]
transform = Transform3D(3.12295e-08, -0.714448, -0.699688, -1, -4.37114e-08, -4.0796e-15, -3.05843e-08, 0.699688, -0.714448, 4.69109, 14.0749, -176.811)

[node name="Spikes7" parent="Terrain/Island11" instance=ExtResource("5_a35cj")]
transform = Transform3D(4.22283e-08, -0.96607, -0.258279, -1, -4.37114e-08, -3.70429e-15, -1.12898e-08, 0.258279, -0.96607, 3.64577, 14.0749, -178.551)

[node name="Spikes8" parent="Terrain/Island11" instance=ExtResource("5_a35cj")]
transform = Transform3D(4.20686e-08, -0.962417, 0.271575, -1, -4.37114e-08, -3.97641e-15, 1.18709e-08, -0.271575, -0.962417, 3.64394, 14.0749, -180.611)

[node name="Spikes9" parent="Terrain/Island11" instance=ExtResource("5_a35cj")]
transform = Transform3D(3.11263e-08, -0.712087, 0.702091, -1, -4.37114e-08, -6.35325e-15, 3.06894e-08, -0.702091, -0.712087, 4.65631, 14.0749, -182.299)

[node name="Spikes10" parent="Terrain/Island11" instance=ExtResource("5_a35cj")]
transform = Transform3D(1.26997e-08, -0.290535, 0.956864, -1, -4.37114e-08, -7.68232e-15, 4.18259e-08, -0.956864, -0.290535, 6.24299, 14.0749, -183.356)

[node name="Spikes11" parent="Terrain/Island11" instance=ExtResource("5_a35cj")]
transform = Transform3D(-1.08188e-08, 0.247506, 0.968886, -1, -4.37114e-08, -5.65147e-15, 4.23513e-08, -0.968886, 0.247506, 8.42211, 14.0749, -183.377)

[node name="Spikes12" parent="Terrain/Island11" instance=ExtResource("5_a35cj")]
transform = Transform3D(-3.05653e-08, 0.699252, 0.714876, -1, -4.37114e-08, -6.13968e-15, 3.12482e-08, -0.714876, 0.699252, 10.347, 14.0749, -182.348)

[node name="Island12" type="Node3D" parent="Terrain"]
transform = Transform3D(1, 0, 0, 0, 1, 0, 0, 0, 1, 12.2934, 0, -13.0017)

[node name="SandCylinder" parent="Terrain/Island12" instance=ExtResource("6_gaj04")]
transform = Transform3D(1, 0, 0, 0, 1, 0, 0, 0, 1, 7.43056, 0, -179.616)
radius = 4.08217
height = 29.9517

[node name="Spikes" parent="Terrain/Island12" instance=ExtResource("5_a35cj")]
transform = Transform3D(-4.20153e-08, 0.961199, 0.275855, -1, -4.37114e-08, 0, 1.2058e-08, -0.275855, 0.961199, 11.2263, 14.0749, -180.589)

[node name="Spikes2" parent="Terrain/Island12" instance=ExtResource("5_a35cj")]
transform = Transform3D(-4.25177e-08, 0.972691, -0.232104, -1, -4.37114e-08, 0, -1.01456e-08, 0.232104, 0.972691, 11.2568, 14.0749, -178.634)

[node name="Spikes3" parent="Terrain/Island12" instance=ExtResource("5_a35cj")]
transform = Transform3D(-3.08606e-08, 0.706008, -0.708204, -1, -4.37114e-08, 0, -3.09566e-08, 0.708204, 0.706008, 10.2433, 14.0749, -176.869)

[node name="Spikes4" parent="Terrain/Island12" instance=ExtResource("5_a35cj")]
transform = Transform3D(-1.14224e-08, 0.261313, -0.965254, -1, -4.37114e-08, -1.60875e-15, -4.21926e-08, 0.965254, 0.261313, 8.46449, 14.0749, -175.766)

[node name="Spikes5" parent="Terrain/Island12" instance=ExtResource("5_a35cj")]
transform = Transform3D(1.10611e-08, -0.253049, -0.967453, -1, -4.37114e-08, -2.30881e-15, -4.22887e-08, 0.967453, -0.253049, 6.5006, 14.0749, -175.787)

[node name="Spikes6" parent="Terrain/Island12" instance=ExtResource("5_a35cj")]
transform = Transform3D(3.12295e-08, -0.714448, -0.699688, -1, -4.37114e-08, -4.0796e-15, -3.05843e-08, 0.699688, -0.714448, 4.69109, 14.0749, -176.811)

[node name="Spikes7" parent="Terrain/Island12" instance=ExtResource("5_a35cj")]
transform = Transform3D(4.22283e-08, -0.96607, -0.258279, -1, -4.37114e-08, -3.70429e-15, -1.12898e-08, 0.258279, -0.96607, 3.64577, 14.0749, -178.551)

[node name="Spikes8" parent="Terrain/Island12" instance=ExtResource("5_a35cj")]
transform = Transform3D(4.20686e-08, -0.962417, 0.271575, -1, -4.37114e-08, -3.97641e-15, 1.18709e-08, -0.271575, -0.962417, 3.64394, 14.0749, -180.611)

[node name="Spikes9" parent="Terrain/Island12" instance=ExtResource("5_a35cj")]
transform = Transform3D(3.11263e-08, -0.712087, 0.702091, -1, -4.37114e-08, -6.35325e-15, 3.06894e-08, -0.702091, -0.712087, 4.65631, 14.0749, -182.299)

[node name="Spikes10" parent="Terrain/Island12" instance=ExtResource("5_a35cj")]
transform = Transform3D(1.26997e-08, -0.290535, 0.956864, -1, -4.37114e-08, -7.68232e-15, 4.18259e-08, -0.956864, -0.290535, 6.24299, 14.0749, -183.356)

[node name="Spikes11" parent="Terrain/Island12" instance=ExtResource("5_a35cj")]
transform = Transform3D(-1.08188e-08, 0.247506, 0.968886, -1, -4.37114e-08, -5.65147e-15, 4.23513e-08, -0.968886, 0.247506, 8.42211, 14.0749, -183.377)

[node name="Spikes12" parent="Terrain/Island12" instance=ExtResource("5_a35cj")]
transform = Transform3D(-3.05653e-08, 0.699252, 0.714876, -1, -4.37114e-08, -6.13968e-15, 3.12482e-08, -0.714876, 0.699252, 10.347, 14.0749, -182.348)

[node name="Island13" type="Node3D" parent="Terrain"]
transform = Transform3D(1, 0, 0, 0, 1, 0, 0, 0, 1, -0.176888, 0, -28.73)

[node name="SandCylinder" parent="Terrain/Island13" instance=ExtResource("6_gaj04")]
transform = Transform3D(1, 0, 0, 0, 1, 0, 0, 0, 1, 7.43056, 0, -179.616)
radius = 4.08217
height = 29.9517

[node name="Spikes" parent="Terrain/Island13" instance=ExtResource("5_a35cj")]
transform = Transform3D(-4.20153e-08, 0.961199, 0.275855, -1, -4.37114e-08, 0, 1.2058e-08, -0.275855, 0.961199, 11.2263, 14.0749, -180.589)

[node name="Spikes2" parent="Terrain/Island13" instance=ExtResource("5_a35cj")]
transform = Transform3D(-4.25177e-08, 0.972691, -0.232104, -1, -4.37114e-08, 0, -1.01456e-08, 0.232104, 0.972691, 11.2568, 14.0749, -178.634)

[node name="Spikes3" parent="Terrain/Island13" instance=ExtResource("5_a35cj")]
transform = Transform3D(-3.08606e-08, 0.706008, -0.708204, -1, -4.37114e-08, 0, -3.09566e-08, 0.708204, 0.706008, 10.2433, 14.0749, -176.869)

[node name="Spikes4" parent="Terrain/Island13" instance=ExtResource("5_a35cj")]
transform = Transform3D(-1.14224e-08, 0.261313, -0.965254, -1, -4.37114e-08, -1.60875e-15, -4.21926e-08, 0.965254, 0.261313, 8.46449, 14.0749, -175.766)

[node name="Spikes5" parent="Terrain/Island13" instance=ExtResource("5_a35cj")]
transform = Transform3D(1.10611e-08, -0.253049, -0.967453, -1, -4.37114e-08, -2.30881e-15, -4.22887e-08, 0.967453, -0.253049, 6.5006, 14.0749, -175.787)

[node name="Spikes6" parent="Terrain/Island13" instance=ExtResource("5_a35cj")]
transform = Transform3D(3.12295e-08, -0.714448, -0.699688, -1, -4.37114e-08, -4.0796e-15, -3.05843e-08, 0.699688, -0.714448, 4.69109, 14.0749, -176.811)

[node name="Spikes7" parent="Terrain/Island13" instance=ExtResource("5_a35cj")]
transform = Transform3D(4.22283e-08, -0.96607, -0.258279, -1, -4.37114e-08, -3.70429e-15, -1.12898e-08, 0.258279, -0.96607, 3.64577, 14.0749, -178.551)

[node name="Spikes8" parent="Terrain/Island13" instance=ExtResource("5_a35cj")]
transform = Transform3D(4.20686e-08, -0.962417, 0.271575, -1, -4.37114e-08, -3.97641e-15, 1.18709e-08, -0.271575, -0.962417, 3.64394, 14.0749, -180.611)

[node name="Spikes9" parent="Terrain/Island13" instance=ExtResource("5_a35cj")]
transform = Transform3D(3.11263e-08, -0.712087, 0.702091, -1, -4.37114e-08, -6.35325e-15, 3.06894e-08, -0.702091, -0.712087, 4.65631, 14.0749, -182.299)

[node name="Spikes10" parent="Terrain/Island13" instance=ExtResource("5_a35cj")]
transform = Transform3D(1.26997e-08, -0.290535, 0.956864, -1, -4.37114e-08, -7.68232e-15, 4.18259e-08, -0.956864, -0.290535, 6.24299, 14.0749, -183.356)

[node name="Spikes11" parent="Terrain/Island13" instance=ExtResource("5_a35cj")]
transform = Transform3D(-1.08188e-08, 0.247506, 0.968886, -1, -4.37114e-08, -5.65147e-15, 4.23513e-08, -0.968886, 0.247506, 8.42211, 14.0749, -183.377)

[node name="Spikes12" parent="Terrain/Island13" instance=ExtResource("5_a35cj")]
transform = Transform3D(-3.05653e-08, 0.699252, 0.714876, -1, -4.37114e-08, -6.13968e-15, 3.12482e-08, -0.714876, 0.699252, 10.347, 14.0749, -182.348)

[node name="Island14" type="Node3D" parent="Terrain"]
transform = Transform3D(1, 0, 0, 0, 1, 0, 0, 0, 1, -0.176888, 0, -59.1933)

[node name="SandCylinder" parent="Terrain/Island14" instance=ExtResource("6_gaj04")]
transform = Transform3D(1, 0, 0, 0, 1, 0, 0, 0, 1, 7.43056, 0, -179.616)
radius = 4.08217
height = 29.9517

[node name="Spikes" parent="Terrain/Island14" instance=ExtResource("5_a35cj")]
transform = Transform3D(-4.20153e-08, 0.961199, 0.275855, -1, -4.37114e-08, 0, 1.2058e-08, -0.275855, 0.961199, 11.2263, 14.0749, -180.589)

[node name="Spikes2" parent="Terrain/Island14" instance=ExtResource("5_a35cj")]
transform = Transform3D(-4.25177e-08, 0.972691, -0.232104, -1, -4.37114e-08, 0, -1.01456e-08, 0.232104, 0.972691, 11.2568, 14.0749, -178.634)

[node name="Spikes3" parent="Terrain/Island14" instance=ExtResource("5_a35cj")]
transform = Transform3D(-3.08606e-08, 0.706008, -0.708204, -1, -4.37114e-08, 0, -3.09566e-08, 0.708204, 0.706008, 10.2433, 14.0749, -176.869)

[node name="Spikes4" parent="Terrain/Island14" instance=ExtResource("5_a35cj")]
transform = Transform3D(-1.14224e-08, 0.261313, -0.965254, -1, -4.37114e-08, -1.60875e-15, -4.21926e-08, 0.965254, 0.261313, 8.46449, 14.0749, -175.766)

[node name="Spikes5" parent="Terrain/Island14" instance=ExtResource("5_a35cj")]
transform = Transform3D(1.10611e-08, -0.253049, -0.967453, -1, -4.37114e-08, -2.30881e-15, -4.22887e-08, 0.967453, -0.253049, 6.5006, 14.0749, -175.787)

[node name="Spikes6" parent="Terrain/Island14" instance=ExtResource("5_a35cj")]
transform = Transform3D(3.12295e-08, -0.714448, -0.699688, -1, -4.37114e-08, -4.0796e-15, -3.05843e-08, 0.699688, -0.714448, 4.69109, 14.0749, -176.811)

[node name="Spikes7" parent="Terrain/Island14" instance=ExtResource("5_a35cj")]
transform = Transform3D(4.22283e-08, -0.96607, -0.258279, -1, -4.37114e-08, -3.70429e-15, -1.12898e-08, 0.258279, -0.96607, 3.64577, 14.0749, -178.551)

[node name="Spikes8" parent="Terrain/Island14" instance=ExtResource("5_a35cj")]
transform = Transform3D(4.20686e-08, -0.962417, 0.271575, -1, -4.37114e-08, -3.97641e-15, 1.18709e-08, -0.271575, -0.962417, 3.64394, 14.0749, -180.611)

[node name="Spikes9" parent="Terrain/Island14" instance=ExtResource("5_a35cj")]
transform = Transform3D(3.11263e-08, -0.712087, 0.702091, -1, -4.37114e-08, -6.35325e-15, 3.06894e-08, -0.702091, -0.712087, 4.65631, 14.0749, -182.299)

[node name="Spikes10" parent="Terrain/Island14" instance=ExtResource("5_a35cj")]
transform = Transform3D(1.26997e-08, -0.290535, 0.956864, -1, -4.37114e-08, -7.68232e-15, 4.18259e-08, -0.956864, -0.290535, 6.24299, 14.0749, -183.356)

[node name="Spikes11" parent="Terrain/Island14" instance=ExtResource("5_a35cj")]
transform = Transform3D(-1.08188e-08, 0.247506, 0.968886, -1, -4.37114e-08, -5.65147e-15, 4.23513e-08, -0.968886, 0.247506, 8.42211, 14.0749, -183.377)

[node name="Spikes12" parent="Terrain/Island14" instance=ExtResource("5_a35cj")]
transform = Transform3D(-3.05653e-08, 0.699252, 0.714876, -1, -4.37114e-08, -6.13968e-15, 3.12482e-08, -0.714876, 0.699252, 10.347, 14.0749, -182.348)

[node name="Island15" type="Node3D" parent="Terrain"]
transform = Transform3D(1, 0, 0, 0, 1, 0, 0, 0, 1, 0, 0, -126.722)

[node name="SandBox" parent="Terrain/Island15" instance=ExtResource("3_23t8m")]
transform = Transform3D(1, 0, 0, 0, 1, 0, 0, 0, 1, 5.79772, -1.17271, -136.608)
size = Vector3(11.8298, 22.7355, 16.7891)

[node name="PalmTree" parent="Terrain/Island15" instance=ExtResource("4_fear4")]
transform = Transform3D(-0.0185444, 0.013537, 0.0327545, 0.00666946, 0.0376397, -0.0117801, -0.0348084, 0, -0.0197073, 11.1591, 6.93934, -135.882)

[node name="PalmTree2" parent="Terrain/Island15" instance=ExtResource("4_fear4")]
transform = Transform3D(-0.00468962, -0.0206979, -0.0614378, -0.00157532, 0.0616165, -0.0206379, 0.0648114, 0, -0.00494713, 0.838341, 6.69994, -135.882)

[node name="Flag" parent="Terrain/Island15" instance=ExtResource("7_u572u")]
transform = Transform3D(0.970628, 0.240584, 0, -0.240584, 0.970628, 0, 0, 0, 1, 6.11435, 10.178, -141.392)

[node name="Player" parent="." instance=ExtResource("1_dxclk")]
transform = Transform3D(1, 0, 0, 0, 1, 0, 0, 0, 1, 0.225743, 1.01536, 5.57892)

[node name="DeathPlane" type="Area3D" parent="."]
transform = Transform3D(1, 0, 0, 0, 1, 0, 0, 0, 1, 0, -22.577, 0)

[node name="CollisionShape3D" type="CollisionShape3D" parent="DeathPlane"]
transform = Transform3D(1, 0, 0, 0, 1, 0, 0, 0, 1, 0, -104.395, 0)
shape = SubResource("BoxShape3D_ifb8d")

[connection signal="body_entered" from="DeathPlane" to="." method="_on_death_plane_body_entered"]
